569
569
755
755
730
730
731
731
727
727
686
686
727
727
768
768
756
756
816
816
723
723
726
726
706
706
735
735
771
771
805
805
786
786
788
788
783
783
793
793
786
786
830
830
808
808
767
767
756
756
758
758
814
814
801
801
796
796
794
794
749
749
783
783
798
798
747
747
751
751
765
765
790
790
796
796
799
799
834
834
883
883
928
928
977
977
1024
1024
1121
1121
1183
1183
1263
1263
1224
1224
1220
1220
1144
1144
1091
1091
1037
1037
867
867
902
902
818
818
752
752
755
755
746
746
753
753
640
640
0
0
0
0
0
0
0
0
0
0
0
0
0
0
0
0
0
0
0
0
0
0
0
0
0
0
0
0
0
0
0
0
0
0
0
0
0
0
0
0
0
0
0
0
0
0
0
0
0
0
0
0
0
0
0
0
0
0
0
0
0
0
0
0
0
0
0
0
0
0
0
0
0
0
0
0
0
0
0
0
0
0
0
0
0
0
0
0
0
0
0
0
0
0
0
0
0
0
0
0
0
0
0
0
0
0
0
0
0
0
0
0
0
0
0
0
0
0
0
0
0
0
0
0
0
0
0
0
0
0
